[1]
9808
347 89612632 78383712 537 124846218 159895132 23197 329820316 210238704 13367 
49760776 722311625 20720 448054428 1167 16 262144 77027808 29507 30067 
63905142 13323108 70947016 114859776 50887588 256 126297640 210274687 101820203 170785572 
67176766 49549764 346459828 86975910 165326760 10032453 35192576 67108864 32707 131903892 
127663384 12630 4937 276979662 168643176 1607 197313822 3632442 3430 1024 
549017502 20847 8714276 1 6907 32707 35054976 180895367 262144 10727 
168464653 71948136 28840 633203292 3124979 63949338 45570334 57368304 150032480 18237 
154435974 56747433 107724237 42020672 293210923 263663258 193921560 20867 784746135 257255152 
184055432 68344309 53801242 42632352 182290218 15101661 268435456 25400 23847 185259036 
463817092 660874802 39350656 5847 1024 376445916 428736 11917142 386723880 4 
30440 107098608 18833928 7998336 67108864 64 291853702 67662728 248916275 118264806 
61355560 251292552 162525436 12600 18350 186699238 262144 286758708 1031475192 376376790 
85791192 92526801 12480 105763136 8837244 13770 358074794 179615676 16 211840128 
25787 527958966 8054532 194704728 187315690 877025416 42989364 37730754 31420 21897 
713961393 1048576 1024 56478127 97962116 20650 365657810 258077484 18970 52318668 
365899224 4096 1311520 16 16 317412710 341632 262404372 284859996 24455660 
353167360 118275472 735002544 410448494 262144 6700 61372899 258554674 869319400 7010 
261501016 86809888 114856984 393032556 571203908 187038962 4 290852401 302742090 8748982 
18407 92530370 39769524 16797 4 70541664 90935808 381835935 30417 24020 
78094107 622903983 684845736 29464396 715473016 336317898 11517 155229201 135355360 11378290 
244944474 980 115430427 177083460 13907766 10367 256 109809018 28740 207872324 
10600 307640277 129996438 730345267 21920 296575044 138274790 16 74284490 114668297 
1410 168686784 4194304 163692620 400747032 4 18150 13691048 63590380 23617 
43728760 17750 1447264 17150 30310 94939002 137143048 64 16384 428733000 
790830432 16087 17197 22892880 342177752 74729576 292650633 11677 268435456 4096 
74488433 5200 9520164 81231536 185104596 474605670 54059336 150701475 178842856 293642097 
235908752 570605716 443762584 149830962 21330 910271 208159560 132405490 15136794 16777216 
15560 16 16037856 20580 336320 68081184 23171928 413618376 288029304 298352544 
24760 4096 50870280 167444900 268435456 175751448 455940020 359614724 5450 12750 
163661550 3663562 95405394 85832917 171766980 255491532 15077 452930668 64 731608 
11337888 229023480 289649094 437636332 547091 251081556 100680338 749752794 424470654 18724664 
353927574 142495332 673280790 143068592 339691536 112194576 88358577 336929112 40653981 11170 
702769960 442185674 13669998 20027 110071280 480566784 231270048 40642426 117656733 5357 
303366024 3797 48695671 64 13540 424876920 1230768 24809288 8727 6498000 
18613912 93266257 650885908 25537600 610697460 65536 67108864 770 20530 11927 
824055561 334627963 17467704 308341440 250921748 27950 16580 402679821 61796086 1837 
142750188 417887391 268435456 751953912 265843280 443076816 196769064 125251836 122324789 14078340 
24680 92822304 63352392 295540048 55254208 171999456 4 1010303004 268435456 5307 
552634056 119518806 58702845 887032656 58274619 22747 16 89049232 786565868 4096 
212316918 8700 12034368 3888522 900432078 932498986 91337160 140416360 443482938 139751304 
3337 1435032 389024380 519782412 65536 13107884 14462630 210147192 46515624 83173616 
238210263 189772748 18416766 88788832 742829139 33664896 88405831 10872246 193947816 445796771 
53524800 9607 32480 428189556 753491080 1460 7423416 104456281 297666882 160029332 
22837 64 697 958937133 25517 16777216 90402972 16587 120174756 23114224 
297126009 15767 256 241590508 493046637 354303504 119552438 268435456 176949495 312750132 
140470920 16987 31194492 521588158 21124800 27180 194986336 9658374 155022624 199841156 
378023500 78632658 228338356 457399998 553682822 202982208 78848112 16777216 275726016 96533399 
248209808 64 363124391 217429380 665333958 17797 65536 579260988 873012000 43496900 
162900391 16777216 35843756 18599636 462605364 2793672 83863458 22700 363690894 325809432 
521534472 1019550 257298970 6060 35620857 206139133 188502292 128771507 440796979 1883088 
25321608 26682900 4096 187385640 669193395 71749664 331109646 41977980 226674256 130879746 
263018967 721548450 2703140 7320 16777216 10397 19707 97433820 609985275 8297 
227403704 557231004 282696505 74713422 256 246377664 65536 204741884 471721040 27577 
193397456 247977480 1024 222633853 368312720 12040 587 2970 12437376 123786867 
170768556 260512616 12544048 167350040 210692109 9247 387261588 51734010 326872663 10671616 
602282360 22307 425548757 16777216 239349893 32190 2307 31860 348011523 492524528 
356093146 239859183 16678248 3766848 149378769 182961792 1024 61555788 122726884 89014688 
4194304 302972724 378369174 26870 394587676 268571616 19257 354803804 388175008 187702225 
112554 11327 241236132 30870 532371444 16 16657 57653015 201844048 24802728 
1922496 11850 26337 22617 112868516 6580 10427 22897 378337629 4194304 
108453248 216937308 608796659 109687620 253582218 365122102 29157 766674743 684930595 400 
842942862 27195480 393927072 1962324 99827247 430253397 232020339 544326366 237658232 85420416 
23577 234106022 3998832 4 124058870 193491249 20160 1953654 10497 9020 
693325656 417190536 217807574 28680 26919207 479911824 24737986 300837959 204117732 24507 
7387263 230078499 198858695 440876748 647638044 26375328 4194304 360442327 206178296 35929397 
547347552 242973200 6460 3553290 192545002 20900 459108267 6014512 260828080 116100992 
562516866 850 1457 12270 125119072 191597218 5804820 13650 6650 8550 
59215401 475938596 599299456 40037944 1024 82729266 24627 18460006 21957 759887328 
346676869 251396298 426847498 280681038 10057 70233228 263465664 61443728 909490673 36466497 
11097 31857 320416988 64160514 18427 265371260 4096 21057 7320 80060425 
1926960 282373577 590756238 224438760 66998596 269521864 29946276 88713386 366814332 13587 
16537 310249123 386861602 4 41817512 69993492 26415510 275710184 136871038 351269916 
222639628 695619317 507055320 402813020 3285288 291842680 27377 16860 29687 36250542 
15387 49573004 258554296 8037 548895237 236879598 16384 403893210 25540 4 
554978771 29531957 447832284 5356676 4930 328984180 15377 28417 213334684 4194304 
66021864 698854656 24619920 7200 9943839 67108864 441808606 9848628 95630496 7837 
354346650 104784200 63472692 68641848 62550708 161700876 31707 4096 8867 16375944 
16 213439072 606602304 158489100 59950128 116783966 59384136 25994052 642737724 117709398 
548986529 527498610 128446313 16384 803279484 310957836 379049706 22831803 8064639 3455408 
5328752 1298521 492283350 829702476 276692364 168295491 219788676 68034132 119658456 33033684 
18811044 11990 401145654 67108864 63528598 31017 18700 272888906 697270984 46378300 
329168488 277259093 403250416 402312150 196355592 16590 1024 211167796 146497530 22220 
26477 959961580 68475606 45363548 169740252 508337920 148730248 316264352 137401208 142013828 
14027 126720896 5385992 40549470 1048576 210487608 1227280 16596346 1024 399837153 
23147 199370023 759928572 65536 240047618 25970 67108864 67108864 25797 319265076 
182592732 29990 183520328 28177654 16 177952554 13377 1024 1887 1024 
10514448 755470932 9570 18190 16 25227 33565428 22970 64 122079465 
23289864 342674583 282561741 109695494 101823616 225825156 13067 9387 413260242 125050549 
13120 20350 23710 23267 89796102 16 183448984 176823162 296094038 27929008 
23527 570055504 77425548 149977206 298392273 16384 19530 5320 7517 308234916 
3816450 146243454 995016 1402960 1 12020580 237627612 92218304 8880 24607 
14577 6737 5407 24730 16490 176090328 142521580 172351641 144494064 228107917 
858329577 400738457 203706252 20720 11330 268435456 19970 85571832 40653972 399059738 
4096 181005616 3666898 94538898 76318957 27957 690833124 64 4096 22660638 
251107997 201741928 1136690 33517478 74815045 68361324 699351744 198654624 7445970 14571480 
27870 151064020 58728 608886268 47 4 553344429 332771808 301805618 16384 
19435872 433950895 16675508 624240145 953334113 148621008 11320 98751604 65091933 173171962 
3047 96691452 487195722 303234932 263112241 28917 473277042 170901992 237422834 98621118 
23756244 10204466 7422064 149550852 3967 26326818 55421646 244554412 20207 515808558 
1 4 325964204 3037 615765111 16384 194148040 356139828 71565104 3319500 
246424794 64542324 24917030 313505259 14997088 31295957 4357 1024 189189328 230896904 
32358240 208219641 223473306 22540 25357 30327 2007360 81453592 382536 317893914 
115025451 18377 192711960 678686465 171020348 69970208 231811830 423229175 16830 1569984 
23510 21380 3080 15300 74209392 827643355 236056770 172884989 389158308 239493738 
71862516 14607 19245828 30478916 545643764 215948476 47189964 95706864 345471740 446026416 
170876508 9977 368482644 20317 27950 186587536 15745527 132142464 159945275 1797 
1477 285185772 88786838 655659324 23157 467868695 592021053 707636872 60817536 263638816 
147979350 163524981 435589696 191798190 66683766 57655424 23670 32370 271156128 40083252 
13787 174370028 86239696 264384234 30900 27990 606216468 17451324 16 442981955 
66374358 331017216 340334505 246459690 25110 215144586 390452188 4794866 415306761 71680892 
6410 234292392 83578392 13820 98345580 3397 61222590 120023190 26427 2124864 
13448760 90368832 345020148 191392953 58519568 141862720 54566668 688431676 4096 287020792 
1 562034302 294388866 52362378 104783176 736584020 221971072 213526118 29682340 131175308 
358177743 7487 579842297 18392894 64 12890 187232566 256 100282773 121770186 
21540 183780366 16384 78748566 463006962 140002412 626266046 130473434 69611638 4096 
360683796 30727 510965301 406117760 190116416 395753616 489601475 11373120 14980 156239388 
9757 268435456 182198544 16707 3980 857568164 831917394 315037440 91821666 170943023 
142563267 332202113 172014087 399664196 11104506 418925640 8591484 920029467 5455170 439520642 
7191000 13376287 3727 375170950 43946392 4477 45278016 1024 61611197 73229688 
21333456 345864064 22167 168156174 379873053 30592660 742672906 37592199 384110316 231465514 
295443274 77793030 238103804 507525084 18607 274312116 13760 60543038 4 10677694 
27220 21740 46595394 484730664 31510 16384 150583803 165156666 285223824 5151156 
97803970 1667 125494776 68388480 160469421 15647 335501778 323988973 854582687 74350679 
262144 25427 80582138 65536 102368670 225903412 524338734 21867 166577946 68211128 
19715872 725058873 74002761 10637 121194168 34412778 111260178 95580747 403853359 248286313 
216029976 47211556 1048576 138989114 371606752 88634520 249352689 135693369 4194304 12370484 
292255740 156417651 294578235 18547 360761076 625206362 75236598 23472448 180106124 21136896 
20547 256 32647 15401376 16128112 160206132 18877 23430 48861072 23797 
21660 43965522 43269408 1258296 351246921 16777216 22750 44428512 23990 6907 
16777216 380665278 484446190 4 19157 5860 262144 4096 54892656 430019568 
258441596 67849101 505714742 64 380722680 88752730 234720965 105395220 31607 1024 
6197 245120176 29965104 573782748 416415436 1024 28727 45480224 79503984 8327 
4194304 253550847 525563710 18990 18637386 566968908 25447 247126064 782778898 321238006 
116312592 29412350 251094544 167402196 97686648 59707908 4096 9480 92555754 154218507 
19170 638804936 6630 118969318 64 65536 24749725 22297 268435456 226965334 
20674062 16 16777216 91358916 184100486 487612734 162411872 252194556 234106830 244166384 
152323434 651231154 205771098 38527071 43029210 408409911 4 1833376 132401880 96334056 
435328700 16250 147255563 1 7390 28387 16 363473895 32769912 358188480 
112787114 8948276 77374134 418917822 8897 337588740 493859630 6840064 20890 15537 
17410782 114061638 74636154 268435456 569815489 494815872 237956966 5777 378093384 19607350 
479267136 657322260 65536 270738006 577 140982406 390190428 13857 27340677 41022351 
65536 4147 1080 159224166 10140 39850648 44042363 6860 231966342 264402639 
591154002 502556460 136991520 12060 4194304 28773696 84159996 225283315 785814018 6110 
77786460 53216220 52193864 2237292 1048576 6120 30697 2587 69054132 202719832 
285540523 539533153 117854336 21320 14267 381553760 4977 72419172 369781204 773850488 
267624455 3327 2174772 642680444 632749956 145790828 18671189 197354944 16777216 540653911 
65334862 19657 60641728 320363676 17617 121226536 16777216 94228928 28870 15487 
418448058 700056 71674464 567894415 157858560 24777 9470 24740 7177752 30670 
16777216 357017058 246163472 1024 542791081 1 6140 463900052 21445840 28593119 
628551252 1001889630 48385161 54311585 1 20280 32964392 384243392 191229498 256 
360748332 354743232 19687 70728174 19907 150118686 351064036 162931914 13400 39299920 
176892348 14980 278302135 1024 29947 187401704 369132842 70 17357 4282336 
16 510017515 55410144 176421130 29385408 262144 12119688 28160 29460 51866126 
1048576 375429583 16384 125938099 157580964 281013516 295780641 42253832 487332466 64 
89017461 256 44030628 26540 24757 71921388 44808192 271952460 107341430 79436952 
13645872 146564824 849768789 5969700 4224555 19157 76409744 12080 268435456 378325264 
487 23148900 45418776 3905824 402239943 25937 9270 37000944 72899910 3765069 
227715548 558288936 343774558 761488736 63560568 276223313 4096 196395216 16 16 
1024 45231300 186970878 151127886 25798890 16870 262144 16 334300131 66621148 
640088319 3347 6197 20953460 268435456 30976596 854896488 56598648 32934912 1980 
64 135156636 293469615 37277658 607277888 91532224 733277973 399807777 408342736 28030 
13727 30110 41040754 2700 256 360927952 150654088 577467 244129050 311864260 
53047873 30637 704529234 23276528 81641136 6957 498680277 239557888 123619650 495363017 
28806048 327782226 420052404 609445368 77537823 4170 18340 12080 383015952 7250 
30320 80551888 229095864 215460324 335074740 655186794 75639451 185979904 27587 67108864 
693889632 188384707 201605562 108550534 1 608076 30290 4 358354260 62017788 
645864160 7460 310423112 11840 373878333 63395616 209745921 654677633 208124149 558779987 
25139412 70492688 247503294 123191991 18000 21310 127120898 183439002 10649856 30570 
389942427 1024 5960 61668246 4096 124981484 87364164 29870856 546391873 91923732 
15429720 1903048 35589294 44549418 16250 26797 116915270 159133464 8670 169104503 
476823144 3724166 23730 259117716 105794076 403826176 813731184 114787029 18647 391987024 
41326254 538875777 83408114 225740621 16 762655896 528635754 23720 178222016 742200059 
119719296 65526786 271711059 169493679 11650 549863094 32407 326265667 237518185 14557 
16 262812226 13857 256 4194304 55588720 27900 82964532 188985717 37318272 
2515074 844233054 140709765 262144 114803608 712669008 860 364069484 4255440 9390 
58832256 135364352 74759615 791477640 15450 121890366 32701844 336440768 46833608 45600528 
376136466 16 301091639 12968 22700 7350 550600578 389796516 16 10830 
126245478 15081276 16384 71577632 30031930 657474228 655698474 180842838 76153608 23187 
28637 65536 297170372 169442397 239471486 4477 6177 51844070 930 6023380 
160554252 262144 78291550 47144094 231485904 1048576 19497919 43955200 4194304 31797 
214813152 9660 15970 22080 3877 188152836 62464202 158144280 731572047 239265969 
38507478 41788624 21152887 192363187 14862408 650865705 30330 51051304 262144 400059023 
96563852 194080089 6340 3260 893466552 284890368 9533435 262098927 136237332 255571200 
81989388 312120942 145172412 1 21539518 1024 47287880 558134943 88122762 1531628 
13147 17127 72604863 2267 16777216 13172544 22766140 323231915 93660139 3823263 
495626768 278355371 254156580 228078869 397293255 122004463 311701838 33094885 323918352 65536 
3780 14947 87265835 301968386 268435456 203514447 27297 16777216 376495448 27950 
3048512 251702731 38870228 472824054 18320 25330 69381939 3060 4257 375256752 
484041519 417933750 27637 245716226 492092752 4910512 132140250 50055921 222142068 318730964 
16634772 262712439 150487467 49146656 31840 202675226 209190430 5370 70876608 69354700 
99339660 66130464 20057 666097056 248161376 61576180 28927 849555696 65536 176968926 
4 657037126 262144 50776504 183481256 86783816 528312876 939500133 294916892 167264944 
48863334 352306647 5491332 25468126 16 16 49759050 79082402 263339640 138877956 
28690 26957 28610 2980 374803695 140628492 386317000 12580 165302154 23885610 
44279424 150955740 145056480 573367550 16501893 25420 129806318 78975004 361364502 584215065 
262444347 9834478 20868564 264552036 24847 644908132 355282368 296122794 13360 11906502 
890710794 119954248 11430 16637 511354200 114050064 29997 4060 14790697 137307750 
34128078 87408832 19758853 28869918 16 9528026 56521232 7670 46374783 79531434 
737584729 33708784 67934768 200116976 12977 20548736 398676622 310614542 140278586 22610 
5067 211057002 611183328 120835386 264471051 273359048 30775216 194080866 268435456 153272882 
288020700 116818176 29800 109702698 75768138 3910 16917880 16 16777216 104128008 
22090 29397 138893230 298057218 211882797 81190268 365298750 276061668 294844940 1364028 
97952976 724684598 339324918 591558310 347599376 35552825 200020896 113631957 267363728 4053298 
19230 31209984 606213336 4217 911993649 90730524 17620 46115345 20350 67108320 
241494532 21480 173313184 518520060 16 106110118 7380 660965670 17477860 4 
262144 286085730 1048576 2659536 170806570 317092044 481924072 419455515 64 62291740 
175984040 171956527 167161032 53319590 77572054 16207 3530630 262117032 91260310 16777216 
3041420 65536 12490 27289776 906015360 8817 26589360 55395600 26757 547092672 
28567 61566869 508333856 25224399 209248102 148946126 501297645 253363540 621971367 14157 
563390080 226251212 277310655 86812482 256 34081870 2370 6365788 262144 469537424 
286411776 74497145 1024 67918986 256 260186314 71779664 264623863 285056360 16 
5279268 12670 10518680 16 845138000 198392040 116295552 30587 4618188 16384 
268435456 535872276 13629846 4194304 345809096 219966384 391654014 5351544 8807 128008776 
321336282 468387577 209839212 443348856 949716828 13398737 65536 170031828 16990064 155756458 
16777216 312457448 126951405 562693728 16384 116567682 351904234 276372846 27780 246612141 
1 2211680 348601987 263154840 1048576 18380 84982394 324153648 27402192 187426584 
54606790 667308217 428066763 397103107 180301332 64 25517 522941902 227501752 4 
412907124 20920 10517364 180118339 129081612 42280788 5100 15446186 199052260 30427 
86881033 19617 141361503 11774490 224326872 63065656 906898184 4096 88969636 145507267 
20597 51023504 320935518 18426576 121672162 22160 3691480 37596426 104070288 473276001 
185626452 285247356 16760 16267 16527 201038760 34510014 38754099 74146446 4096 
270794824 11536 16 231642720 13367 1048576 740824392 244198318 51558780 3916419 
13277 6101296 16384 256765629 280 17750 218112993 324891216 169932944 36251544 
16 1147 203678471 114684940 552778921 833118 21197 125932608 82097492 132196344 
447954374 157317108 177421904 3760 652191372 111234432 439213950 65536 24717 15660 
29480 198422296 127 12241004 257500893 11150 43514328 644411880 98650884 256 
196507836 109070080 26250 549069370 124158414 13000 132427944 92372802 92723120 818531810 
7651143 7730 243198060 253642694 21720768 292626488 319483731 169075599 4760 162110385 
64 589888611 293743 8280 291750336 181453580 31870 95635208 181087005 447243786 
4 564069792 428665577 333426576 85169742 417807621 862059429 460790046 16496181 3380 
316763084 12870 687655974 573704780 366309702 141262096 20590 46011840 710 269905317 
85796256 587932848 454772950 249580694 4194304 535232058 221269338 352458458 111686336 106993716 
103942208 28627 16024192 75390612 39831348 16260 758786262 16777216 457539047 262144 
2430 29827735 1 1 197806760 830077308 92690708 451803744 113813196 417772957 
88693558 16 29637 228051340 2000968 30650 23094864 197320618 24100 176971536 
503565336 698489955 24757 8560 56752430 165072416 35598066 103432014 253617716 170240 
16 1 267744006 347 78453411 194705420 10757 119125563 4194304 178931592 
195992768 571325704 710 723708804 243999216 268435456 524175344 336851312 17520 390978414 
125870040 19149720 16384 30645324 247194866 551708685 11870 25847 13697 67412140 
878622252 52275080 26840 244550880 400509358 111325494 65536 108704624 128276790 64 
983415258 307746624 68446876 6090972 564769548 520020880 1024 25930 17147 78817338 
125937372 14710 2187 73238442 315683144 27640 366733942 34873448 324014708 214571424 
65256370 5260016 13927 266113908 3097 20652936 39665120 550521123 278741667 32357 
4050 283895760 650756606 10480 7385538 125527584 464790458 51036965 20 817 
2890188 7340 1048576 64 264944011 178879753 16 5587 155611890 439456836 
18567 9400 262144 31170 20757 29927 328152704 114721658 18833292 25112372 
203836 1 362765871 93058578 38343134 12662676 650657730 623681892 140826632 142882002 
168800274 14720 28900 237201650 4 27865839 46734488 890378181 352806784 3080 
242493438 418181148 30687 410494342 3321984 191804202 268548096 25080 32467 663621021 
16777216 318842476 189501384 99124008 125655840 1 3561876 9450 388840961 4194304 
171317247 629026943 11097 588117356 27657 493629120 354524944 49073864 107604826 154322642 
101921056 213364116 475126224 38683582 101278380 8560 52356400 17050 23252544 131845350 
49021200 151396424 106292142 814185008 1024 609806106 481854360 171274496 135624786 84917568 
199845744 13882065 235524414 686654248 212424198 117660832 35509628 163117888 90221544 84464512 
15770 838278316 22407 53813172 121141836 137769807 8623188 83084792 126813652 600168103 
304484050 5680 140018699 64 690429908 118965298 766802 51668448 362883454 226969128 
262315676 256 113603592 23740 230411608 150306057 214859736 14667 28730130 167090122 
1 417956506 36496240 53540270 262144 915952832 41957244 31981578 159985113 157610417 
65536 699980415 11270 641465916 137871192 147740640 16 253214575 136244388 30740 
16 993146946 1 116665731 7287 118615630 4940 123113382 488133880 108744776 
24034166 606625989 9970732 89085620 111620796 361376502 16827 24368432 516483852 48385686 
105683550 27174816 489286826 69551439 96972912 12072336 34583996 477312292 12655378 16 
121100112 20003984 287873340 6226172 197567332 191427624 155756592 20470 548644572 30687 
41910496 552117619 848753906 27624786 238327686 22707288 58163432 789466314 21177 156082998 
331408143 90865632 685890861 190166944 548684268 4096 258973000 453334346 9927 7118572 
51427446 43191876 277842272 288944955 660 116471646 88922136 30286338 270704154 1027 
627647 31567 87324042 20852874 1869844 2297 1048576 126565736 5775588 18807 
4917 197869260 55628034 73039472 494119458 75300525 24817 19640 16777216 221023804 
739547532 234855120 28107 341619114 188724312 4194304 3627 503312722 16530 107221504 
26127 13214656 446850208 2440 7357 1024 274323838 37266867 59108830 325406648 
23037 294068154 16 199543719 194263120 77235912 7337 293230032 20290 273628071 
193113663 767569488 256 246488232 268435456 19670 34229888 81648215 64 399611760 
351126058 68020128 30940 30510 157083808 142988984 697980969 238775472 2180 155355948 
99533934 318238467 58034340 206046092 29048052 373658560 90467242 1024 255744855 6757 
69945146 18277 17035560 66117465 1048576 74640132 7417 27530 327 47894506 
70632088 29127 221604282 310897760 3486141 5911088 115304958 543006730 214576440 574421781 
29240 5147 273169192 527418540 96719030 86332701 6200 901170720 103766560 244569764 
43186528 27970 13375872 788347692 18134774 137003772 21293328 597648051 385300836 11927 
65536 64 68880218 449887588 82937358 138124890 21360 409561548 159142148 4520 
255691688 12092356 64708110 362588076 205296352 35664318 334419195 315330792 2207 920737311 
23780 167896744 145734693 28330419 281336 122070858 352307648 24867 361578576 82711944 
68366962 797420734 154149996 134112640 88853853 351030244 244280292 175536000 799476858 5847157 
450741879 266595732 453451795 8310 206465301 24980 599041706 511243200 26847 415847300 
319664418 25937 37811382 301861545 354135600 19140 575488756 310402264 12317988 51662349 
16882108 602741624 1027 7000 36239588 2790 664012959 57680544 274131802 278412804 
17477 166019759 153595772 110168388 27017 256 18380 262144 10606860 15273973 
249359313 67526323 32431378 192510024 132301372 30598626 151150475 604187115 167055682 256620228 
418917408 365049216 379240380 84614734 47493936 51930540 180885304 853123614 378507668 437154564 
162339562 483108042 21540 822339534 13897 16 142573480 101305336 503150668 654493326 
585113360 10960 58874944 38023275 479370174 14280 94777980 134568 16392496 256 
80990550 9780 502417229 695627604 7090 603772528 65536 543470558 194063706 337364351 
466910448 69503192 11778687 15987 256866816 337616370 283771992 462893607 229583352 428586392 
71895652 13620 57788640 18707 24017 5157 122934560 621733552 16 27767 
295195012 341342824 122553876 131248398 32300 96922368 172751803 869996059 67108864 636800276 
174093022 25340 13670 154150692 44526104 44921286 326586806 25570 16 3487 
1048576 15553087 436025760 1030 70683392 30987 17550854 4194304 382589816 24637 
268435456 1397 30917644 42979878 26410 638028152 60319693 156275436 320012478 4850 
685705732 12557 22460 5510 30610 155713866 14847 96362644 163678668 159462448 
13440 9580 14857 24640 289573356 54439350 461202444 813832920 133865160 28157 
388183460 692141684 94746120 364616 15127 352523991 583221856 150874122 16384 480221742 
255174114 12330 1 29749364 545449800 224617668 170810016 320928280 238335808 30443736 
20357 41596740 137652368 262144 4830 8897 16 82248855 407413888 64 
22787676 389027718 902610016 1867 25380 65536 430377226 644654745 4 79321259 
194978420 91621838 368962220 8093304 51817292 9907 3677232 318387300 4194304 60587410 
28737 131292840 23067 19011232 616583570 612224414 14220 3340 136603738 1 
16777216 16384 23360 100670742 18317632 69408768 14840 4096 210557261 250354524 
51358881 1922651 91232178 585490129 17865120 3237 581726131 51020928 15580 584427014 
262144 382712468 363271113 23707 256 11807 563622304 519670314 3237 99715437 
4096 65436672 262144 692562332 83913984 212706 306158450 205520798 28640 34373016 
284454288 375316956 925456727 26197556 275305108 724607824 9912509 959497554 853931224 15937 
244768356 505223642 67108864 18027 7377 18990 488991449 168495162 16 160209812 
303534443 46741394 1 286913718 19100 104740046 332859828 97592456 841173177 288634590 
980889028 268435456 211843578 10067 216102744 593832391 283095785 67108864 501256242 303620544 
292815226 264095634 490534466 187203126 124354881 336170871 3951608 200755168 59906616 22624960 
156783744 402961650 452187729 603708945 1024 585257358 246366981 383384178 109101247 254813856 
65536 14318893 1 83743480 15947 25179112 391509250 10300 133590006 17890 
57387231 322010636 16 110698874 165835516 54752138 13937 85536256 224824752 357836032 
166592874 103456818 256 620007840 192687371 176008970 524211639 3727 7197 109534188 
20267 80476232 64 147883988 100560779 129860136 22487 334041673 135768509 24242944 
26407 159542603 69268052 20947 132732271 765288060 631347284 5036200 10080 138975052 
97084196 118521355 284345906 5787 381696084 323193132 11100 5411824 75812907 228769520 
462929902 73102284 102826397 27140 15520 1024 81555131 63584746 16 13217 
281447993 217734706 4803372 546074061 55182105 19867 149702516 53320287 42175182 231425183 
32623932 4427 287343849 394190415 464427114 28090 680053857 313515274 61566032 667514112 
28937 261422994 3290 591223930 280486822 165820810 185534983 11722588 616218075 242516112 
622528142 74110374 68393464 256 44741912 27217524 17377 14119248 9154224 89955540 
4917 304885182 322555541 16384 454648193 218557070 105681420 24300 30275205 59429206 
12500 141354848 26777 314858016 70046312 69617061 112912098 15380 256 52044806 
17147 18887 642157208 1097 500221541 87366742 174161141 330958008 140852864 323969380 
23037252 111324018 161333731 115848408 229819082 268703256 20750 377961132 372642480 131477952 
358688024 316835788 246951330 272931840 14107 12823295 236551050 202637974 141850296 268435456 
19752768 279665694 679463533 144406286 5510 106766216 63963702 1707 155706138 20414586 
153475484 26890 30697 624767913 339071488 1 8718138 13685168 393531186 214240576 
161160312 15460 5511009 21821022 438346636 2480 315329112 39604752 725100876 139523956 
592795614 553837505 12837 31517 148303392 11987 577262952 30550 137641020 332651002 
383072958 262144 4194304 533510558 23987 164269716 157418496 238193218 42811872 50112496 
743431 56717978 1897 106275147 13180 100732424 367484148 5937 256 14787 
1048576 147748656 2887 67108864 190694798 264817050 51214044 274713236 542352426 18581484 
171240362 14777 54002772 234007779 93322642 101131062 196634832 314667666 18237 467590 
64 88751309 3620 140766120 256 414988681 80349360 215818254 52411365 64 
26017 372681612 90983504 270159864 76220928 22187466 427886426 100371152 348997078 120264496 
344703459 761944 405169212 3467 4997 256 49325598 23776792 102718672 182227445 
26297 7170 106250040 29092536 4597 382294878 56442414 22455496 26507 34768604 
850711215 764564160 646065902 1048576 228153270 16 6055414 16883926 4 547370565 
29407908 83594960 13081068 24231768 4194304 649211988 421231560 256507654 67108864 38495633 
16937 1024 316017828 28650 4097 62771956 30790 95490486 4393376 62885466 
59773768 235634560 208872015 334683328 20907 231588264 16 6145902 9471774 523506696 
200938188 575814552 20897 184267482 292007868 293392228 8017 123055336 23170 29014178 
4194304 65536 125952948 35788584 162369550 14693718 6707 7074080 467992287 64 
4096 48505193 157007536 280566616 5177 231562053 395867346 636196028 413766340 251482713 
570228066 609445530 155506860 7800 286644944 21250944 9057 384708368 281642364 31960 
659380640 766253665 43427916 6882260 1048576 28207 9500 3397 420566393 6907552 
303596352 343677066 19044270 189155526 6754538 427320531 18700 85973748 302216710 37856399 
127796832 417688624 67108864 197927430 143276770 281675082 72892737 47 17827 33774144 
4194304 65327730 35505704 2457 170836314 89167178 121088970 11968734 923858006 454830054 
37754688 215509324 17350 74318748 416738476 370012737 17820 124040080 18497 198869356 
12290 294290604 8720 18417 21427 28046733 30567 9430 84412104 450224511 
370312099 245207170 24378615 9474456 53011728 266356149 400252888 268435456 64718376 611238636 
23510 610272 69753636 201250019 212295753 4194304 172463008 396975579 252407106 328946670 
147683228 83930804 18777 29265030 401018016 9757 115038924 225710139 28657 19530 
16 384319444 16 29857 84581603 418076986 32496334 32259689 185228736 197367768 
65536 72844816 420041916 18160 28347 270664038 124113612 422279298 11667 6370 
94385964 246818478 15317 8764608 88536140 49741221 55540520 28197 97630680 341605180 
436374114 477926991 58742585 755051088 16 15177 51143616 94487973 104860288 4 
35739612 58375074 489940152 268980331 79061760 113999232 101177370 676239192 1048576 262144 
47130874 18693312 12017 283780960 236372851 126515718 723250669 239107704 6307 194564844 
570455754 14850 501718546 22659814 125107285 2220 178478894 8422474 64504440 32590 
140221524 22492470 262144 262144 4096 17657 19710 60967426 30857 390541360 
2980 123408628 315044288 111685392 128738229 506276576 1048576 81170128 27080 4952304 
64 47865336 2270 148235682 12527 81233108 9460 550 5719017 842299884 
227965724 27190 514996692 16777216 965908 179864635 162107496 170120113 22190 170885400 
26107 379586530 7737 7460673 451902738 1 22680 718312404 36882384 291601024 
36673254 30820 102826764 412956336 151622464 215301688 578268340 64 109329968 67108864 
316004 41305842 22897 19397 42608608 121454564 137614932 64 83476449 264399957 
16 21177 112646860 19107 639764104 33842016 586883060 33856368 13367 29052071 
105132448 1048576 334088678 485502858 266625072 16777216 453697856 31627 58983260 383244288 
66908651 31870 64 9392076 21630 94070747 17523690 978598688 14578918 16777216 
16 65536 426589724 23012756 37244238 81042264 72246050 364250782 17646672 28848636 
281491893 16 299958202 4 23867 15590 9550 15903484 20950 21377 
11399466 1048576 126104056 234215839 512147736 929040 35064238 14410 18387 150590016 
4194304 324909936 7206810 24107 288822860 16203132 492402672 402745468 126490812 144035296 
377282295 3000 13160 1048576 389904600 4175604 18233869 295308937 8490 39857634 
72721948 20560 127633854 15581424 31618468 26407 161754243 274481340 10777 266166048 
43607070 481092588 245843052 7310 14127 472724 49550442 472937696 139937602 16384 
64 16820 16597 55108471 29867 48429952 2055648 76283994 258392452 583592256 
479450422 71655952 204953509 16 534078188 203690028 10310 7627 159140898 371616379 
5240304 6397 182528358 371730874 12700 1317 57463935 63034097 4 361797655 
34486582 81858336 31757 1650388 67108864 167392524 353993 554912626 31417 179406738 
23260 83956896 370757520 286444404 96417486 161119904 9770 14796243 12048656 107832132 
88113528 26847 407736088 28917 2480 516213602 11577 12570 39659130 334804070 
133470624 9507 378876771 14444874 26950 198076102 16777216 53490166 11422168 278260712 
22827 89441172 156920256 344446684 4096 115410204 110352816 28240 36547076 281837334 
439940298 715894848 101803910 32761132 503521956 23487 16 256 525557550 524002463 
4194304 355065018 297524770 146549628 222598970 8247357 237002905 290246257 4194304 23080 
233939888 175828499 551658870 22550 55165552 741997704 569465946 112611320 924707174 12341048 
11552112 36676554 18857 78635333 170634856 4194304 7357 9493129 124489976 1 
28597 67108864 4194304 340967939 484078528 39668538 342882630 229498833 339474773 132467457 
330630334 26924844 55253940 16 24004794 298335675 269473704 14950 416763683 226056317 
197348494 146137542 12977 137437696 543260109 4737 510 131438516 789360254 352735196 
121423384 741931704 6427 770742836 189601560 1 154837840 77929302 128676224 54404924 
268435456 23391654 357080714 116660088 12060 337591204 292671444 978506403 7263762 698496541 
22459794 32047 52591872 547 97339260 97569792 684229645 268435456 332120432 13980 
109741086 18473832 26130 12607 204181438 21780 177274614 268435456 78820357 67108864 
330618536 159172120 4007 377887832 16095184 291719949 318625356 243396944 207212128 379139736 
733679160 106788016 37534336 16 16777216 9435748 130968800 114776 92454628 158582042 
143471160 178040100 354592812 283433304 235011843 785193512 20517 18393214 18187 498084022 
13760 74952592 391360734 3012876 100226114 1002573312 17635838 36766928 414193003 119690527 
102997248 84084021 268435456 77794686 52836814 421674232 741104182 729144540 12200 812774280 
16 54432138 324849916 322818184 987840 710781192 14290 268435456 12557 64 
554230182 304084740 4194304 155070960 34824618 1 109296852 30771020 16 4096 
102275040 208935980 198554483 142297127 728095641 1048576 107249376 130216957 200 297129924 
365755068 279917001 160410366 14730 268435456 214892328 164777936 28140 53170876 38951882 
38185290 218792574 30277 1677 15387 7826544 7240 134896740 364727426 97609638 
6980 2776193 87764418 367846596 23920 169347123 85549206 360848545 155896112 16 
4 18994604 1 249755844 24067 242629471 11686974 67108864 272952952 665194728 
17287 144649507 1048576 297420063 302460452 4096 211984650 16 216766359 822274632 
4096 236354190 635638725 17030 83736688 8144104 8217 25507 13110 751468408 
376925934 4194304 482018449 581796896 12450 74746672 10370 1870 430442901 563735676 
67720726 981440904 87745227 18017 765291709 4 362847240 27172596 24088383 107399388 
57283728 3615723 10657 175799050 6687 527603070 152051223 157506580 255799482 23427 
336902832 456259836 4194304 73005100 331307209 142883754 6528123 1 817366176 1048576 
345533748 9407 402270414 154541933 20787 8817 100769493 72475200 399127830 585864630 
4194304 22960 5947796 4194304 518989196 195121905 603281519 408326370 276363626 28427 
54556722 231973118 781214260 24087 313598926 4434738 574720748 627829104 54867942 148729768 
361793305 6387 182313520 17138863 178266030 243548856 262144 118016892 31147 781367910 
36988600 75401205 353378368 439849438 13679374 12870 1907 490256361 79549743 163452212 
86010644 7070 78670056 59145968 414555408 4347 30607 13737 175560400 360995968 
93545683 50944176 25627 160877244 106427802 5932982 114908754 3480 31030 890 
3970 111243328 31350 21047208 17157 74896824 85104490 5157 208905889 158855342 
38519968 169264191 871996944 25548615 2670 7290 339361366 269476077 51389406 140372400 
7770 295067496 668303034 27855237 156008864 12650 17627 6040 10553433 12533996 
658798356 125444310 115015208 342919103 160033390 576691232 79512592 215114622 1048576 109682181 
28104120 531909924 206961051 31272430 15212704 16384 13696914 762720960 168892892 785796466 
16917 69812251 78359008 47105554 35111964 642454011 31540 759386124 548880836 995092251 
13568772 9931722 8245008 67310936 12719668 425419626 172480347 16437 23120 12357 
85653846 22946248 27860 572733253 28417 35184078 571639054 253007940 16777216 21943548 
16527 26677 234745778 624163402 27470 16 198859752 4096 24937 101951740 
400880064 341902682 419968288 113300856 210454424 4 14434281 8020 23323392 16191396 
218692216 18787 4096 16 16384 190335578 280690151 27500 37573998 4194304 
4 40561695 661506363 223003080 8120 31587 17770688 501309822 198002673 49550983 
454320672 206908247 111996493 461105254 265779768 745329619 13470 427391500 4517 1024 
26687 64 10741494 68322184 3780 37262218 1048576 424682481 28587 366812484 
45497533 10900 41750014 374139612 51853218 68624248 19300 58910632 23667 270624718 
83288876 448345164 645941544 96743658 249305576 169366506 386254194 279552492 659558826 303381244 
78659070 154032218 61263449 3636808 256 4070592 682010383 155034495 16 19017 
262144 435142947 626994678 14382900 190264776 265211912 616628592 47031336 29780 26630 
4194304 897783334 499959576 5197 99972432 333169431 94315299 26024110 4360005 1547 
96881274 1024 31597 12037 2530 16384 65587026 738041175 286959024 262144 
727157403 229505184 28697 262144 95845495 473883207 73043320 80636136 64 15057 
298136808 29990 30503444 18757 348835644 88685870 156571051 219068676 241005436 100092504 
791732151 2147 11080 454329160 456821484 182708238 3329855 4 28020 119814876 
233329896 256345668 14310 36007542 760383043 20331 22757 116302408 7340 30460 
31821976 91907445 24120752 60311706 643302 112294452 7862400 110155122 188253314 256 
29757 139523148 328989840 61911005 64 577568999 3937 99478148 243774140 337411475 
4 440 53962380 94537536 41862080 2207 811923264 5862872 137904680 27427 
413017896 24157 11904786 262144 131486333 700991136 162908634 64 61398592 867 
25464389 65536 206030976 201205935 132720650 168272600 31350 485180024 108497116 12395112 
32919940 122212340 1370 845719043 595793808 13047 392174795 35131648 30970 62361516 
22120 26737 23776612 172126596 743712192 37895374 64001952 220202220 34711250 24150 
880 99765498 40761835 586580544 249505344 78083312 115841264 268435456 60627328 162461208 
925740576 82113808 16384 9660 147919434 14602560 730731478 132891312 4707079 135814224 
256 26706766 666069456 843724672 268435456 2600 26054346 9640 90665412 296642268 
223440382 484784 44434347 29950 8380078 161700462 16 27160 379978867 16777216 
198026320 15140 727540080 437506487 20250 26827 1048576 233226092 23890548 4150 
41340300 128270777 33294524 7247 31027 18800704 196187344 169814272 3897 71322816 
4096 82077372 58624280 954894897 7373800 621011860 43003008 315740088 6737 201048064 
256 239108433 839004320 104655519 130199510 64 133018533 383444516 105086748 862198336 
190 5077 105568294 110320217 6107 6760 368823840 820 143652407 211453592 
9487 16384 26217 293854340 185662302 132458183 3986132 43695848 338383164 354645882 
59286318 314904891 239003898 21290 20560 118951404 130838528 36552204 237970626 270935765 
4290 239147118 15884061 200797755 1990 91638936 240795277 239617250 385213860 84831978 
103947296 34673172 8200 241341248 494527952 18807 134202422 209660068 531927710 242157462 
568164306 309966969 31477 8360 45661972 64 65536 68856678 407563621 361381889 
214652240 31300 17817 251016112 518607586 54610902 265174884 268435456 254612634 227 
5406264 26310 233432576 159739056 25910 34337392 3767 216876884 11116686 284768247 
154943632 1048576 577578078 22007 25767 23180 209070384 414685320 12407 10310 
5670 226996128 140534868 1024 1658282 1636676 117637338 6095232 123171308 12420 
85647804 25818420 206045520 26427 357444122 148601382 4096 240617636 229729752 79155672 
223596108 254812176 9287 20910 20147 268435456 213808570 30649616 15187 39447192 
66358600 182406834 466311450 236476248 262144 642996865 133819085 1024 149138312 262144 
411790224 16777216 221401567 398297832 226486416 93096756 69078522 55311300 74834190 162763405 
88470720 838140 634930179 21870 15950334 152995174 24537 366737882 217248024 256 
148045197 16384 275320204 16577 9200 510011894 4820 175530702 272165460 17245800 
67108864 44896554 240867734 9601755 687218829 23970 717348218 346133302 433102880 80954136 
25217 67108864 168890832 53057485 253261892 19650 124130034 800848776 3877 199485958 
120875296 196387191 686514600 113270256 14280 9967 86075192 16 195800020 26811576 
522758772 133781582 19057518 6557 11810 103103280 17360 393815538 93886363 295028760 
16 13367 306877690 65699820 260334074 295504468 3878845 16850 61152596 492239222 
207649008 93240783 14244900 131573026 563632695 357373712 256 327747552 155741454 23047 
4 52556634 16 600179070 21697 13950692 10447 4947 253798116 121036720 
82991052 268435456 96388180 89567925 14317 800126943 6905436 633056655 64012898 58209700 
26697 13903130 462125488 50269492 132645528 2548287 65536 818403495 104385195 1048576 
273089712 64 11017 265749268 176763166 67108864 10947 942150642 16777216 369388688 
152866880 382417492 16 259097661 15570 614092336 115581612 556921813 40212348 32385786 
16460 262144 7937 75184934 9160936 262144 482893216 320610321 156919644 330906810 
17460 235822440 16777216 29007 20547 18200126 25780 61280864 15490 620257869 
150591372 182442319 131526241 144908946 104006511 82294784 242703384 268435456 14040 213602200 
11850 14550 30907 18337 816128547 621776114 39300856 27987 268435456 310485252 
13293202 66434776 80361072 4096 42732317 16384 184062879 4760 329511982 372709760 
86142117 15710036 12067 47131382 303366528 94620204 25147 298985970 11700 703880901 
29500 25901826 31887 12170686 28340 230219639 109907984 190094286 222654648 220354888 
385915684 300121948 10304232 156109088 324661605 11098400 18920 293923729 3007 14200 
152779476 16 13307 1792184 1840 843328568 3900 4096 31420 262144 
56376432 384833560 362788488 32150 11527 29339520 27000 497144192 620516754 168496244 
142033672 101540262 533680108 153277434 417095144 34368857 9057 11537 97480310 74187772 
103606800 591288900 127746288 97497666 67108864 60522372 53172288 292945569 55927044 533178228 
6090 358950585 460791432 2857 46822641 14137 606630080 198281382 511163608 28648200 
140520057 308324932 4497 161424128 111086020 3197 51737380 65439714 76635040 120077312 
386056594 16777216 11756496 31250 279271212 64 134419650 186394680 4096 504945147 
449944967 264870963 39432393 205463232 263065677 5465778 262144 119307456 280270752 569524264 
107845450 57098704 16850 343703657 82346130 8150 398201856 9306469 16099884 17277 
119184528 62198800 181084815 40849536 160327554 4410 11616318 74499056 3876 12218010 
9514210 311991342 342452652 1600 90 7420 12147 574935471 16700082 203990701 
223397468 5547 465636416 78181200 79347812 67077979 251552058 18027796 171263997 65536 
142719984 5390 87299932 151762794 19112913 11480 19487 224958283 488476368 40498066 
109217427 24627 21927 571753408 323800790 278057696 115484208 132071116 459583656 339474285 
2606648 101362388 334308948 10587 16 108480906 42490860 12207 5022117 72856743 
234869484 324423498 175489232 55515642 45804798 64 141877698 43946733 832365162 16 
239099030 10589296 14010 28883464 163957716 84329635 1982423 495903788 492496125 571662 
5360 65370600 256 796634198 10230732 476274252 45612853 99858798 317667340 12889730 
171019872 20046264 117551616 561982880 234561444 152180333 530394482 464271437 355176960 26920 
15496758 683391728 245530096 250906656 737434634 20188 25290 256173571 14930 132117047 
17192826 18557 530081292 92968446 18987 21770 1 1 8014902 43798104 
16 86402158 429456851 709115065 291934363 339324584 333625448 177811620 142919700 79399158 
1048576 156926608 153895678 16777216 798369202 216949348 1048576 7 16965319 108154168 
726905646 19657 229298158 139955046 40841980 332654592 9114040 333738504 514304000 113887956 
72403371 15302246 4663074 226913451 30211760 52234599 4194304 37974762 15130 4194304 
697597782 3775536 896020947 4 268435456 541888322 96456288 108288 345599170 219528144 
256 496910700 201530397 252323439 291892328 236187120 15127 46747260 221910040 193442060 
28714192 26650 9550 28187 30250512 177642363 27077 74730309 12564270 28736306 
83802114 223286487 256 64 16777216 18150 39804438 137013826 197531664 12438088 
220746772 791897402 4096 590076718 53214263 32680361 88987248 126920232 337967826 2843760 
13219540 30210 365168360 128594654 255216878 194187422 4096 4203336 9280 9760 
132434088 22161147 334246720 31850 353138256 65731608 79082238 158556062 10805019 74636604 
244948509 15107 50164828 547894620 5647 178255512 225986706 11130 146847760 236695074 
120682520 134613512 156602991 12887 10680202 16644627 404244746 326614720 94628466 24357 
136581432 300734916 30 256 16384 4910 607506549 248240757 266172058 34478334 
271064472 22470 169327908 130301365 268435456 15457 311130547 186050858 87989402 184396368 
256 27470 9337 172524386 4096 292413833 10340 22507 310912599 32080 
145699608 130147754 55106304 44474619 651277858 745247517 242217448 23240 712810038 71188464 
127039759 9074660 63462640 5606626 734891151 83352210 46736400 462997 16487 78532790 
179784666 725496668 187178088 158672670 3248128 5510 327504499 4194304 43631584 10357 
470161710 14217 157014915 182141340 219081786 296335072 2007 607454081 19827 265136616 
157891317 19562936 12907 24037779 158639224 136122270 37569925 16384 378467522 623060915 
1024 256 15500 151033372 90427536 282269988 134044188 531013880 156321961 718244174 
1188720 1048576 429243192 205542725 99666638 211198240 27497 4406784 27538296 26350 
162181071 126256600 394331504 39780104 830205234 371771691 2640 256 13350 199533340 
289010315 200714916 75894784 157277801 111884140 468871008 158979172 111895244 6137 18986240 
1787 350221964 404509464 16607 19547 303999696 39899683 19820 328077288 269774274 
4 523677294 24830064 7524798 14807 663061080 2850 63050683 35716912 177041560 
14440 64 176992458 26520732 108227652 9830 313553536 27477 30427 136127583 
422465148 129759997 64 12337 569354832 27547 176631468 682534762 219119757 440058521 
53470252 890 256 268957991 16 34918442 58284018 11688521 162893808 29672300 
20114752 212236992 92243949 10937 165313676 12177 5230 167908722 256 222991496 
1840 409724568 87752028 275334053 252883870 919128800 82055920 531480582 22106785 74196242 
16677 383359920 302760588 277351738 117481655 96877248 126505856 1 19102935 555505344 
48656870 481873140 359623262 29817 167046529 10356534 4 21214730 430512976 1357 
1048576 124195008 21710 512242269 210207108 16 4096 369480384 28307 19168134 
888848730 133640424 61203322 724912866 474512598 21120 161800767 78329700 67108864 285424845 
314359632 826737928 490940476 12537 78672492 256475946 121201047 3639564 101353010 357967905 
212192538 79938144 148379302 199846291 22938008 373771024 23590 634565400 18990 16616666 
24511025 67138508 243303837 4194304 20549672 39834942 356923696 64 1910 44092804 
73088421 57527082 843782272 10437 117636690 20567 280849505 147359134 3517584 10620 
360227592 791083848 109257300 65536 1462448 448984926 268435456 4 30820626 368158266 
14000 103402000 40617042 163031232 27803328 267203556 16 7920 29813952 202347720 
221467552 655025184 340375683 239661936 5077 63449550 142143708 971448612 533557545 352452672 
6870 381048402 108911003 15397 93431666 19037 191976288 144670526 284356080 7350 
138220425 636536532 1037 39395360 24333264 65536 119022484 184770015 6967 769133552 
126888267 359145150 2340 47877218 105220992 7307 28317 16850 243320498 13360 
170641440 6486099 636603136 63358188 322259157 176374863 413262024 150532724 306919888 167422554 
481525170 256 745949649 203920642 32238918 64 4859649 29100 525681807 6220 
142626044 36622794 814734918 190877312 147372135 32430 392401044 25967 344175706 90907908 
242997384 11267 2260 465533887 5470 65536 4 220067912 9818682 522628104 
126364116 8777 196333284 687 27520 64 58926336 256 37163292 24757 
51869715 211347584 522674724 16 26707058 260032600 148837011 470349990 758473712 51261336 
144183534 114701184 198487484 15310 77439064 155686872 63199656 22817 367323715 3114936 
24640 174322017 793321032 66821934 836648363 757544148 56377542 22400 149261931 16 
159794580 388349575 63964133 353322892 4056764 113923348 3117846 3767 67123371 264746460 
27295352 9430 309685986 7397 4700 433289246 320590116 256 376347 10401781 
124778472 379009904 5410 4096 66238541 503977740 935153068 59787972 32130 15128112 
374556 19007 329030712 127085166 223872792 467455236 295090891 24570 404725542 5497 
584549508 104260066 368943476 28817 184155523 153142872 854675952 637541982 12707 65536 
201110858 61115488 119919072 327263612 139178066 411472578 277100850 254914712 106048617 60620538 
23118402 188274924 178098725 13230 27560 220907037 12898200 16 27877 217614504 
25737 423561006 131808436 25400 156666312 16 333811422 256 26207 25657 
25677 5777752 333397827 479043648 16777216 15727 225735714 371978547 606770670 341283054 
148788527 352814489 1024 100201406 22437 14047 48999104 18130 16384 70889472 
164147283 167355984 7597 4 20927 25697 56306823 69599198 455542780 170381580 
2350 201187448 10602090 298150319 5346 95210771 51456888 569882832 30660 943478572 
274511544 441918090 658084059 177661992 38981982 6709222 28337 53921024 326289600 19056718 
115448488 16150 106387765 163676373 500183480 78055536 119113268 13253592 615570571 4095980 
22467 43237822 28730 14720 520999800 124030980 17110230 97104150 5870 22617 
41677652 409430528 527467240 75548592 16384 16 333545676 40849621 157754849 65536 
6190 54399114 256 446012598 8659260 16087 437794012 502557699 219179772 14149638 
15420 314980262 12050 219147621 52591668 21793632 487619688 234386586 7301025 763349562 
9357 33404140 305628822 257129025 174296144 346159723 182065968 230019184 182945032 13040 
173171439 339487109 32357 25197 30760 152614886 256 105642864 91105185 4194304 
1024 106652076 11497 316060760 28900102 469543734 287553241 359505458 1485120 47285224 
437424384 14107 830696838 70409290 61193977 16031367 6920 17107 16384 19049292 
319347014 159054 28157 121408105 310659225 174891700 273924896 265810368 300811072 282074364 
22680 9656 16967 495413476 68694666 3638172 20085984 99925586 27680 645020052 
639411276 30070431 179827956 12410 27519975 419200 1037 60683424 398293124 513993959 
23012951 3367 13700 34145298 39591480 8377 1048576 125363978 65552530 410239895 
9615384 16510 218340840 571929030 4477 392487238 65536 5587 16 190986748 
16216624 262144 1048576 74377440 222182352 9490 17677 16 43836630 621621396 
578480748 189352800 16777216 599977224 755454248 252487704 13180 14987 1048576 24790185 
16 289358502 968426352 52095076 53503240 252789882 265155669 482206391 128573180 1 
21350 35212380 282859678 11787 929011401 14867 14880 284773887 24949848 4 
120264726 387906945 567494991 208591600 78721813 4096 1014940 204767751 14477 1024 
2617 256 36400644 229645461 11445714 369791730 18205341 16928520 13840968 17640 
2867 85266662 17608800 368375661 27470 5867 82718532 38013998 10107 187992456 
8667 180546184 487583922 18192768 262144 312961412 180085878 90561678 249427689 890863203 
237967092 162444750 15767 682872315 19597 256933892 172961037 164309580 61507544 124014968 
46185327 717764784 24917 77712390 168843012 11107 348547536 6424912 72515872 475433568 
8097 625874490 127454451 353013687 549235320 121586080 246465906 147540400 375837364 94333036 
127244292 56259820 408533440 20180 214401648 735201504 6217 44230284 27000 3430 
7307 229394595 20000 7090 1048576 7910 48787875 83311864 1003660 569482362 
17687 12050 2151296 143336560 18558288 148603312 189828414 4 425011272 143182092 
526464096 266369096 6620 22628723 1993896 263354322 32087232 140368341 6040 75139766 
4 16821740 328217279 311511816 556259928 70498144 15837 172955008 24080 370952942 
6830 145785204 9080385 2347 6050 105369024 102265408 55888176 121234200 438417333 
276948440 32707552 23810 269269976 60570286 2697 366021448 65536 262144 13260 
45006060 16384 7260 29747 20890 33467284 18691376 484208056 327165332 54631622 
6782531 11735216 16 249345580 641506498 130204956 283679081 90299572 16960 553495656 
3152886 11797 25157 217521144 96297396 11410 542068884 18937 108456372 26497 
12067 596866684 4 15481824 489844829 27356758 100065020 90199174 345263400 256 
106173228 1781114 280049350 7050 682452192 363034392 271608394 368235504 268090277 11445621 
1 118516968 999373032 113103516 204352018 15627 706459743 230451374 211039047 476929404 
1024 1048576 250281497 16384 33623551 25530 9037 307979744 649420772 17057347 
447481749 264887510 152443116 343757634 116915400 143186148 41818433 23187 14210694 5405184 
32699646 794499732 30997 308069388 19020 348495696 328827113 5540 401107506 14435360 
407672008 183374360 13331484 81658716 10757 64 120726982 370612032 714168050 4291056 
20500 300572514 69903918 22917 22358366 490 28247 168744051 275257821 260182912 
110791632 259649292 67108864 64 515661276 26740 715540577 356423615 144258170 800 
289723570 95439904 1230580 22733354 240315173 32037 294122752 71955082 8971032 4 
152935332 21416967 18569967 183144555 1276428 28290 28387 73451617 250037216 50765508 
324372477 4 103132505 12127 192047088 16777216 26120 16 10167 145119456 
29420 65536 271245198 37493538 234452634 67108864 197982477 29930 28918981 10777 
26100 4957 13071141 169552934 218838224 16 4077 64 6437 268435456 
1048576 244668884 65536 24170 95266416 772782174 125378304 88142593 709747486 154227240 
16770271 117146991 68249160 12237 250252878 539583876 10690 64790074 441360732 33813836 
53135558 51996160 22377 402570090 2959032 86505939 435941681 560175968 36522934 108373660 
12016608 295940832 381635082 33538800 32177 46630032 65232852 25317 21170 256 
262144 148242316 580547838 427794631 13310 25020 36642426 29240 313682547 1048576 
45817828 10810 725092848 385358462 12730 50399052 17660 84134522 4 220495604 
43968540 268435456 969129340 20537 27590 99645785 336052372 15228876 729917290 9210 
182983542 108064502 150077592 309146544 445859865 6810 1 27492171 640748031 182937744 
39905334 684741083 27950 135775271 116410035 161853168 52251708 82552064 425828949 9917 
76514568 90585486 67108864 424050135 70527408 29420 470439938 455759264 260676354 788511672 
17067 16777216 10200540 535674312 22670 44908740 104751132 13177 548997636 2128346 
4 675771301 24442464 30654882 192880044 4096 6532562 175257726 164558980 315836794 
934925069 19267 1877 861211652 4 1 51434448 7070 7029678 451257934 
556777328 790974844 640522056 2800 171177762 21550 618536688 700704414 465830809 456267141 
16761472 8037 13377 9958824 29667 106343040 271179080 388412544 221829678 156528802 
16407 100437176 103178208 217694928 47439238 440039040 407664768 267680074 16 75408330 
5828076 67108864 13010571 5240032 26511684 20267 500707638 25104538 16384 144407934 
32387590 130726740 3477383 8081997 6767 16777216 380 49020416 51414475 1024 
4172100 30857 152562825 238528332 369767832 446675678 17690 336094742 206166488 8437 
65536 77803800 545096832 291709596 29257 190259400 128195008 22850 6057246 87880374 
183425052 191115800 919204209 203159944 11500 383284820 39034435 1024 20390 332129876 
341503340 21787 313433612 75008934 7197 161653732 2127 599924298 12787 85190196 
57639488 9860904 15655128 219862566 17157 1038668902 397225302 90878166 1 650913810 
26007448 463625647 18268780 557938176 12277 135333541 96844836 66723184 24130 17210 
40699562 384115932 453449664 56253680 26907 32922421 16787 225811544 10650 8337 
265136464 111786599 158236375 64 378470877 321899312 149122280 195090688 9210 24470724 
256 104523692 94579820 103016768 493000360 462014872 531113823 87034860 17207 3545262 
401168376 247715964 10487 144321632 30617 36967448 60228106 26257 135541680 30770 
4 14163660 670565805 69897033 273930945 442746252 4194304 23287 516548208 16 
64580852 1 182925729 501001713 207450117 12267 14850 123500384 65536 839965 
726590930 299366760 450795223 290314746 279998176 118640574 16179438 124729820 31300 49858858 
18820 5167 260465204 41572937 189359769 78195056 13008328 339541020 27997 196749427 
155474578 29229486 8287 2934708 31190264 57055214 452736184 208319762 199299878 4096 
441546144 134564170 11743872 18041546 25137408 48953479 600706484 8959650 192838038 278569665 
1048576 99738856 16 873256701 9110 106095082 121295559 33535620 49329896 256 
4023028 327 43057170 524446328 402372289 207258684 61510278 16 16997 816172000 
58133718 5468496 127215760 619932363 618446256 13477 39569422 414662814 11797 348947108 
332131312 67108864 2230151 167599626 25320 494154067 105296113 477832968 4096 764638476 
308862237 3910 72496716 111828408 262144 50415168 27670 136661427 489281420 1656384 
16817 369174660 4601448 118809792 115221795 72068712 63661477 274798367 159628729 22880 
256 7787 46656457 11137 210014464 396839664 158101488 180765260 17077 113243351 
11567 844791795 12717 10374672 577261791 264733350 16 550075646 315344824 51114927 
183892288 493067106 56978561 82050980 56659792 9950718 107266692 29860 65570394 15387 
57936548 5200 8250 95145592 200519450 87566892 33394442 500151458 17900 226064736 
106538910 504581651 13720 34597656 26230 174795887 380080832 63885906 295556832 187997628 
289363880 59978522 477477630 413215534 2940 380001531 28770560 85874267 65536 29111706 
20490 30497 28217 23974898 15910512 18310 58699762 36922368 4430 281879710 
109164768 11800 171396108 14440 24360 90774405 695627469 159414969 432972969 163313133 
264335481 17490 268435456 180708734 67108864 6274296 24427 77168678 143375320 515545688 
41689758 1048576 29722693 31547 45634524 22438296 6580 16 991185157 17417 
19043037 2820 101919312 37632804 771676871 426630128 184665296 65536 449635496 189596514 
17275440 627 107564332 256 16 1 676717161 110105124 871620489 21934666 
1 51165471 31766952 130319968 34531088 70593330 123002784 339088086 163516325 701297795 
330061616 5490 131382765 32297040 4749980 4096 79494270 12900 53284288 21604737 
98957654 184706420 256 524033856 42049140 8060 16 112653666 118441193 4 
317843856 190502403 480315032 11000 928786 5710 46316988 4537155 720079368 29147 
447 224202256 41688520 64 28650294 251756658 21030 243726417 339091282 705160972 
307119116 579189312 48427048 279934564 50230468 97246102 435541496 70276752 573699434 96569088 
206628838 28206550 126982800 16 83462850 74501658 217159656 185103315 414079380 636767824 
16777216 142662347 64344420 566136164 93518684 63228282 173900678 143100620 24987 125143953 
14281146 141532584 104413050 171157536 35612460 10456968 16518656 1362690 106250001 708684584 
635743857 305518609 16167 6214352 821079222 17437120 148722660 144061544 30220 1048576 
66162272 142491730 345465772 10327 24080 167 16384 20077 30932940 605584251 
20177 268435456 389746324 10230 9407 15110 379962388 28320 181677804 373787923 
541127950 32390 727827 41453378 745058376 1 128872443 132642252 29293264 718863057 
748727708 16777216 18110 174943197 29907 25303786 5020 389854368 124166908 50011897 
374226426 322768108 43079328 298688814 10700 10750 255326795 1540158 256 225585160 
6130 74637240 11267 56745356 197819523 525065046 13377 6920206 12157 38833134 
11950 170256936 539290224 101335686 172280329 4 276345922 264847743 88499840 260810090 
207722736 28498808 256 100065720 186419233 156693548 268435456 64 17897676 319103961 
10477 62768160 131589792 426913245 6190 9174284 16250 16777216 126926640 775971504 
20619725 249512648 346973544 11770 15242031 1024 382009614 31001646 250438068 4 
36919683 101180588 262144 313184472 4 21887 754085642 72633366 294588417 247722441 
3840 7622392 43078068 586837400 874068118 5220 226447175 465182253 309058290 21557 
2327 963300613 61025952 43676519 182235138 15730 50015532 226345860 7407 1 
37246300 96927183 286833814 204422350 383557482 390795457 44976648 467 4880 3900 
132579820 50180812 92449539 18680 31657 29257 9477 175066176 256561270 336007134 
3760 13348236 157191254 9715956 341871088 83750436 471167112 11020 173944760 153243708 
712590402 305980216 57546184 9000 298458900 244134752 649480832 683832837 286118224 78719967 
268435456 133407089 226822596 646324 29130 268435456 4 19952024 4194304 111989670 
50438178 451089998 693842751 121803132 733967055 115800912 136615752 16 16 206149788 
123448156 434947229 543627876 789623118 22001846 15241668 295671868 645807074 8247 395921336 
24527 496787771 9610 332201424 22237 8559806 220347168 59979735 136810374 105080274 
119559734 11640 156750208 142995906 141473900 245805036 26700 427528430 35740684 268435456 
316146751 285437544 147106980 64528248 12535383 33345476 25570 13617 49302400 8267 
26947 709987572 350252364 113037120 79235712 760206672 83243736 292928636 29537 146174544 
238340121 25548354 523823976 239257654 76216179 13327 14285024 100849820 119939504 313780460 
41140497 64839564 256 4194304 31467 348530316 4627 320825238 245494821 1 
25310 8083584 33117108 30193580 3817 28869048 471501927 22517 50533010 38653714 
153231732 120214490 104477965 379848378 67108864 717925072 829266447 25720 21816522 234309900 
19880 2588802 67108864 20217 177266804 11897 262144 4 170 319614288 
95779536 237374688 336764721 60392079 51001158 494030458 262144 203146416 571934984 256 
336092448 95219631 186860304 27037 1610 26967 546349916 239418684 23727 29294442 
26755488 4 87235049 95057261 4096 184928152 360887548 256 65536 9213696 
54347020 64 77758396 22051075 51952986 1 261769296 24677 5740 188183505 
39761792 20067 519951572 651360 73700200 295886202 427498940 198757872 14757594 53514244 
575788486 36193500 29460 11077 185736642 69436224 417279840 7070 27218386 25447 
295813782 70944558 550 16 261880530 327407696 54367722 210441748 780 11621824 
161939998 99927510 267762800 26520 170448162 110 553616142 28847 129608510 132460738 
14450 883720622 9020 256 51789990 129146701 361337490 8921172 291191742 11487 
413608650 4194304 137403992 1 286804512 195917089 515808272 209362062 47141048 523875417 
331046548 37494702 625866910 93664348 97 16 311097429 4 6760 230060076 
8644153 143244288 849847884 16 15030 2477979 68608914 302180445 262144 240898056 
268435456 699091134 94716576 564075996 6287 30247 169385428 749109951 23710 156479792 
586145919 104921852 237656124 347 15237 108698640 4096 885679109 192205134 179979600 
439263709 20840 8827 97559868 358950209 12160 71727544 226947126 451387947 1024 
26820 19727 1786686 21577 67376448 28230140 67108864 18415096 7031172 369647616 
16777216 43179936 122029952 29934736 16 2370 43717632 163579616 42312340 120537900 
729091712 30480 4096 256 24297 149537136 3435603 67108864 66030118 80286320 
103995644 40567890 26390 16 1 102126660 85106119 7507 356725814 15677 
7741714 37452358 169611932 54037152 243951200 64 23108678 199565448 4840 1024 
259453656 27677474 739536626 357129738 458759522 245346720 6164512 13562211 16777216 48001716 
4550 9581792 31447 12006680 16 16263492 4194304 33108376 823040712 73220724 
20966652 1751838 133318008 615019538 25567624 23277 19150 4 11820 16167 
659635882 156691116 16347 136306868 1527 275255552 123196804 356798968 2667 595450134 
427447020 37265900 16 67108864 12817 26731215 3307 5728546 84536981 132805083 
124370512 1767 447173466 24918949 353699316 299831968 25335726 238575792 336536208 182394080 
12117 95633707 10947 18870 6700356 350736372 501057543 67108864 127234223 133144608 
237462024 256619080 346062186 913848 15653736 11227 21427 2989416 2190 28962732 
53230734 39805584 9307 174758364 9817 35724240 16 77615598 78362768 194880896 
1036796 35788468 19566508 194719462 18738808 124702410 26557 214226077 76228848 82021794 
42611022 46027212 2669173 40825620 4096 776543103 94967376 11137 53132552 11240 
111379137 745888902 371107968 6887 544072516 507366597 8700 270831948 595874994 92681547 
508502547 256 360170004 1 262144 4194304 47365614 1606792 3087994 89621576 
275322177 35851192 67108864 83301768 191766366 10460 1024 18909 777192002 31410 
235705680 17782816 4263 346615263 82855584 440215040 168911154 684331144 23130 11102154 
46806848 92104416 754036796 332502040 93614488 459049500 571811085 445588200 31167 246257946 
35425161 127683220 17980 110 130415922 725704704 8217 465614512 41958566 55552872 
2888912 60808808 43903090 56586804 420721408 2600 249346071 266476144 106447128 338566644 
109975857 17797 156168948 25650 16665372 262144 16 4 119265640 103001139 
92824123 97328256 17854160 20187 103432560 131604800 435251676 194361393 117099399 1048576 
22890 892434807 334238256 27130 239215158 7477 337 17017 1048576 310012760 
4058502 910 341845944 272767976 126573522 435595392 256 463673212 492639904 3830 
16384 28097 328005535 485489268 134259995 65536 140271692 717250947 16384 247 
32567 342061488 117732 262144 946970146 8791608 21897 25500 8607 101831220 
20680 74726998 197866383 76527685 90050653 1048576 41565852 24277 86253174 13040 
432488287 203213438 12777 16717 729370168 800974770 39761481 557 65877838 348983550 
208044288 21017 256 389641455 193183036 43101368 16 71088584 335155821 24937 
25460 379140498 195100256 937 262144 365780096 268435456 13937728 31780 117261712 
131992367 1048576 1048576 681118880 650707481 60793344 3720 51819836 124752320 1 
193161164 4 4096 8060 476001449 137872345 134698648 4 604516770 5179761 
101138193 139835036 53962549 4096 426169413 25000 29490 16139332 23870154 327954480 
212184996 148614336 922390336 78642846 16942205 787132558 16777216 600291 249656667 28215648 
260 544436508 24020 575765511 16384 12520245 256 64 87393636 505953768 
1024 67108864 1024 417298628 454481482 102370892 3328560 252966138 4194304 51104167 
767974310 68383656 137539746 22707 755239059 179106656 1048576 65536 178818234 24640 
152791032 86764230 183821236 9340 137994472 4 143244720 829223367 16777216 51123744 
362331336 67108864 341846540 250744560 318865209 16 472728555 20403512 84753396 550697268 
171898272 14470 213650780 997022682 30557 376379052 49090608 256 208022925 148795346 
895512433 24587 7527 572563808 115714036 57422688 581754017 15536946 399977094 2540 
7235352 292674426 96252702 6002892 15157 1607 8330 22920 607537458 7428484 
12163425 42746236 262144 359162044 187379822 21817 67108864 1 659420244 413680319 
29600 99542206 10166688 237825546 192816519 249300316 4570856 120439084 144263392 24697064 
30647 16777216 273262029 300475956 203381356 13305201 935404589 289116942 136155110 23899820 
16 404191886 95961852 6617 56974388 38276230 10227 69386724 181305238 229710833 
154573864 47764672 18957 294213294 10240 16940 239506974 23610 16777216 24020 
8316156 28526771 529253010 546759327 33676193 146399484 7431156 471082649 624492349 204699492 
11481145 223145283 177235608 387324603 22700 457471354 13479480 139744044 14897 985724 
25570 194908280 718263249 856582682 134057020 4096 20776176 6687392 89825184 20530 
248675490 218019711 23417 47878341 71443504 214641000 16777216 24087 116009728 46410989 
4990674 32365232 292452160 4204914 149056974 22077 176921888 12450 6700 262144 
9480 14057 374161059 162534406 156352716 12692941 1089624 14547 333022352 93129828 
22030 6617 308710848 231784791 388669847 232133680 604822134 663028496 236964468 580487400 
268527483 275913216 273258272 44023104 552805456 151712541 507256196 16507 779681239 590524844 
262144 86041683 16777216 71939168 143963492 266802990 41022222 359350250 748334629 1024 
26247 301713300 10300648 26648503 267613841 3020 147224931 18335004 841585836 105670104 
22270 64 72592204 1024 16384 46083705 774371472 16 65536 16 
28019226 5368956 155884014 53477166 26387 16 25486152 311343782 9640 8077 
394845737 841639456 20270 25247 132824182 662246883 256695936 4557 66566016 286386192 
232447780 678584720 21360 438173592 56351196 136924868 382989158 87132210 26480 275138004 
30170 119738244 177277422 262144 311447368 701939553 28891264 31237 50633442 354392512 
587441244 286298208 224440 16 16 280293088 30910 731479128 1024 90051936 
165574827 106668485 8612472 164867020 18607 30180 257246766 410739294 66748634 4056832 
243642270 526032292 278697573 626745964 117160992 163754532 58474404 279578901 14032376 220404087 
125113716 20057 44690912 148797922 30107 523362546 4273290 161331204 580219248 406752120 
455973351 170447618 58014326 27080 278485888 346037128 803934624 10460 85415344 5867 
580215200 16777216 111861360 252108954 224560728 262888776 26667513 20259228 14100 325150336 
585343542 138456738 54971376 4194304 1024 361953929 463180896 22797 194493024 409103784 
16 19331808 47590152 217236348 547150824 153963414 148641858 420060960 80180352 16384 
2370 662968784 370192506 658352544 431856988 71418438 47601216 14510 4096 8870 
4194304 390307744 78351948 27930 32000 39262724 38400118 84768750 86651502 615063921 
218750976 5410 55968200 216185043 62167164 2333912 78683608 14537 189024976 16 
254150740 266505264 82929737 32060 49572890 250404 273634848 33099274 306838372 372204426 
59526990 126026373 29087 139340432 106017145 779411052 24608676 22539654 254694570 503889720 
224064522 10150 1 90 2907 205465432 1024 16 602958664 4377780 
355399920 5814276 210705300 55368958 27167 55801554 20243370 338955402 89389926 177584255 
16 12357 148686132 16 17670312 45252870 45444928 115388608 459043624 684785102 
80041872 282923680 16384 960788763 424857741 97087484 19847 79791145 175465472 727256375 
66175944 154554920 8530214 4927 4 16777216 198177756 229613376 23410 107998620 
490374800 152117109 17737 3370 28637 1457 65536 19170 337761298 54351438 
233823716 562794 7317147 119974360 24917 510560574 219571410 297432212 286037114 630527796 
297467115 243946320 18470 3577 24927 221546193 525087381 145014324 204114594 405805985 
819324053 608389956 16503222 82881902 1562064 355176627 607589788 1024 7897 40969320 
127777236 256432870 186182287 109976997 17229676 324459333 1577368 22643224 667783608 160120128 
291177932 217379311 479265390 264359679 24067 465139903 442036480 668251242 134092860 900 
12787 31690290 409394924 43004940 11747802 324147111 3016112 277011144 1430 22487 
2280 342452880 16 225461359 11247 260373807 25064603 26737 28320 10210 
588940892 4096 4467 343133388 20898220 37648908 134073164 554744322 50630500 11317 
113291692 494798 7989072 188391672 248145996 532645113 31647 635631084 197360244 106679136 
215605588 28643706 30940 184394848 20817 378738666 73073994 2421208 187576957 61749779 
157075168 335829447 119347689 107010574 16384 83307555 464387385 350692150 24750764 68417148 
259581586 312747200 120106976 15185154 83128464 322938630 50386336 347863680 234181318 635076061 
474696831 30280 62851850 106936965 27431344 18051286 27085180 399182856 272051714 41156276 
664977888 3510 14936470 11597 6957 178326816 107762268 49079844 1024 2520 
289246614 134005884 1 759397943 190113257 623093970 143689152 3450 294948324 27020 
17910 362781075 7649751 14180 1944031 45490428 205256157 16777216 168525760 658829457 
64 3127 3890 22450400 259998508 262144 361376843 12697 7320992 308921280 
256 18169210 257890392 24540 484108758 27987 16 2920 57551715 127354695 
554148932 3470 457363968 43439998 338450112 120060306 12640 14939428 187592526 942811401 
28540 164410205 189171816 262144 67108864 480299568 71920160 31870 121633488 302432808 
24497 147436320 13640 70572052 262144 632528350 5085624 4 105202200 174829660 
678072568 27630 24287 1476 178952301 29995719 34819842 86322319 134060538 8797 
410626388 70232416 20290 32777784 77499690 7247 43533460 64629648 46715932 23307 
716535336 128416950 4096 13460 743171644 28443252 262144 143245998 15297 317692932 
22024716 139091172 13380 65536 32560 254246855 877587750 488477002 28916888 32017 
11897 30357 4096 31613624 222498025 9770 24010221 67913405 278691756 424894776 
24367 190690311 11642642 213590304 16172639 255782936 21150 770982784 40735749 679507374 
508420536 473719728 20680 107665779 16965669 162813680 31177 801245989 276266535 506677167 
200869512 4096 1 182789950 262144 233137872 207140944 768421671 30790780 95126724 
247543296 377 150070626 425048316 22070 201625756 16147 681867414 148196492 377030108 
103943671 781571066 944774428 559733904 33266796 978133086 16549860 463914117 153156718 12980 
296084272 24060 8605632 112779180 12390 24200 81379496 323048723 875464436 6930 
178164 46435968 319486596 204569228 81481176 49137480 4937636 6977 97909696 41929041 
967 240086051 4096 7507 1 171429819 438816 35603162 78040476 417099393 
745283248 141486976 11287 468984612 16 292637202 557378744 710229006 120820870 398828952 
70407168 82086530 17827 18877 1667 301768773 244265428 23914298 16 655652036 
62344464 16 366803172 582096 246104628 103489096 28591046 712048524 268885283 235614214 
58487106 26107 20440 2130 872750956 64 9600 16 698486608 32677 
87668784 303410568 77017446 154852608 67280016 54079608 19892844 189943900 141954210 241913736 
65633372 264160797 101379772 454635720 268435456 64 32177 256 16 67108864 
495253046 4039916 133140337 188799456 4 105599430 215893379 28237 16 416784468 
453454614 253205586 1024 101739612 77490837 468583324 179647326 279968481 189071569 495273234 
16 516453119 380036034 16567 119500974 6007 130407640 184731568 1048576 279432342 
140732592 65536 176696306 16990036 463392960 217817728 251074110 10390 725303400 4 
170788152 166766308 3102126 344329872 3923508 76819136 413855156 394597008 18969664 16 
25117 46354308 246721038 16653726 175013028 131602698 222041430 4666361 822163056 170057321 
404809056 28327 208834514 11990 243876096 77213808 260735244 100573830 282805862 4080 
6627 6203793 597336500 16 129918921 352562474 262519980 64846320 130377018 44844969 
2339353 3870 135299956 395376867 80592832 113538 5390 568301312 16140544 16 
73668381 4250 137175087 144579165 9503430 151767658 540853924 5944860 315129212 36257793 
1048576 127863468 438489456 197562894 11290 21377 10950 257323792 69181038 2560733 
256932144 66544676 382341246 964636480 4096 278973156 19577 23830 31710 16 
209569732 16384 12867848 64 276981051 8772232 830730147 14950 2587 25850 
165238961 17309951 29397 472292143 230636826 90186243 26580 23010 611570012 161694169 
64 2937 292861548 20907732 471335400 12747 90 155460808 6890 808483014 
167919390 59775318 268435456 301041144 122736411 256 142085859 547570557 9490 2150 
326932104 16300383 23867 19000 267582096 3335696 16 182347911 115463462 20977 
66767976 228552736 67108864 455354998 141361984 858865518 130974920 1392468 6747 149625880 
13407 268435456 58408344 245806649 433864004 12247 16777216 9927 194900772 603512284 
11340332 71236064 138247060 32097 10397 169812880 203910774 120 758324508 512057084 
23686219 18137 161342443 297309143 138743760 296563172 16 60299261 135067504 8652456 
341295774 65536 16496128 39290831 373581477 137645141 17304703 1024 980926848 134244144 
625199631 386838398 16 16127 133251948 388427046 23147 172746214 31460 353930684 
8120 134110056 17070 366427350 39492512 35654688 512111622 2635952 49528494 337343958 
52053508 61611228 7967 59526808 1 748830397 432058014 289352360 12535000 44871642 
28738544 8444972 35116312 342832113 4194304 19627 233693376 28674736 118970016 25997598 
450717813 324615878 29090244 32390 9767 4194304 16384 16839324 75682128 7070160 
1771672 127126308 16260 85044110 16 425686590 375155577 372515304 313010346 335099745 
4096 340865004 7246746 72249012 1024 6155352 26920 68251923 434793679 930 
4170054 121331312 16900 21930 2087 326253222 1927 287613612 2207 26497 
4 6501272 51872224 30997640 734045822 19097 16384 30945193 648488824 306746456 
98745307 112000554 29190 280571536 153080622 613692151 2654374 502014302 155871568 34933168 
2917 14520 67108864 211398075 2458512 85860738 285192576 436406460 4730 332768272 
86213332 108696238 308333823 16 13720 16 19852224 65536 7787 231159300 
10200 40169382 269698310 52011333 362221398 489706532 818477096 143088794 19067 633673404 
24523159 4194304 73683464 268435456 537898368 13454604 397447662 29397 230553758 290328771 
23607 67108864 863933651 262144 66886688 499903552 432105432 30867 446065324 16384 
47301784 255214024 25560 1637 25650 179559168 940 27867 16777216 64 
62389080 316983573 12860 324892656 77910844 821753757 76198992 432679268 51036236 19549712 
20597 136436580 152750634 77587029 71690745 17147 1500784 47503437 268435456 27860 
115882098 19077 85199680 384243053 112473480 14923224 7987 72289134 16384 85173168 
4194304 16 28441692 47975088 88939404 16 13013252 458682712 1 16777216 
482095876 32179105 7384608 1010670880 441119294 462387739 447951543 1024 55336543 188109432 
208251684 14410 129299504 1 354959766 4 65536 196050868 37632896 462942280 
23190 297307824 19477 1024 24077 525057024 41333700 88457592 8445101 6825588 
438300779 751615404 15194379 113081933 33597273 16 79080816 43904052 122102449 165990222 
190962900 922810788 424054472 76704651 89003001 29740 201703106 120337906 503714547 4850 
448908391 83875484 476411544 243020954 16777216 648716620 193681712 22483630 256 1400 
5620 12549536 101386504 8140 16 15602072 65536 4780 752095799 8120 
67108864 56028403 45269084 581109200 153060912 35818563 498434989 338445597 393450728 21637 
311247132 6890 24027 21470 435989872 100 130289523 30084264 187593280 67108864 
18437 277742731 27587 16384 262144 125178750 51720988 174094722 101964364 44688732 
338210068 434202592 70763994 10190 308065848 532951198 105321243 5997 257 728272996 
248436831 5391446 207316956 262144 430679484 33394032 248051683 496293409 4096 22385970 
101420064 78509127 13550 401023833 64 114476362 7337 31997476 37420158 86554544 
117227988 12500 649155183 454066048 268435456 228012732 158053824 6460702 35666708 16927 
851410560 539070686 135240755 17297 248230482 10850 381387776 7004988 61417048 264995736 
16777216 156260156 5057 643376666 16777216 59902764 13957 328106528 4 104454504 
264403536 82593474 43644978 79153401 262144 94070240 154787218 4194304 9303294 327359136 
335430638 22260 893396028 169111137 1400 300575932 32875392 12927 16037 343608522 
4589304 9510 53823672 21440 8317764 128475359 93759820 691367852 256 21795683 
5129124 13136688 12998064 70310838 4 32169878 382368310 15826924 97114144 165969648 
256 294841049 47176772 111519522 10570308 247899355 54877552 25017984 14547 67108864 
260416143 159983532 67108864 737180 605787013 93025196 646193016 142265400 203209252 29981093 
102419584 65536 155045848 490 328845973 139405098 26235868 20524560 1447 29371776 
883812865 195567804 29829448 89295420 438778880 809092533 597622576 45411828 190588216 130855221 
21257 849280572 64 188163620 23270 6067 24890 209739960 777313057 26997 
53642400 162844736 32487 64764543 1 715342116 17120 747 567 4 
7987 272529206 96606868 4096 4194304 108657582 168347088 13760 501206766 138526353 
51714486 1010 36786064 624362116 30980 19540 268525348 206047464 278560948 3680 
194230400 80836448 3531492 18790 593418358 406624182 138542976 14790 186281942 30737 
167892774 178706040 260335671 7541948 327051168 299497536 268435456 768189474 498076761 130974944 
95267968 316762824 416879847 137336178 112098816 397774112 94275720 78255404 478988484 108237278 
41557418 12287 354167155 277923571 330710680 62091484 207622270 4096 68725030 25647 
630023966 7547 11490 172675256 85555620 9747 18920 204384474 98026704 42536223 
471112636 128767392 297004428 343463988 8080 15788344 469301032 27397 466175 291378006 
26160 366055393 466757088 25050 29167 255919871 348113760 212744826 178901487 428420358 
12300 164236514 41405997 28777 17433972 198111753 170851018 458576986 2930 16384 
16384 383287494 38097832 23390 24317 3791331 50706750 1344552 20607 669579680 
128784018 4590 339895144 15990 204917016 2787 190402561 204817968 145628874 142882740 
332197398 4 1048576 35065800 380222232 5310 29287 13853498 5470 337296128 
747 94633728 212141410 67245438 983618944 176898744 101569271 194431472 13630 268435456 
97400640 173296608 434470604 67108864 11717 18554196 16140 16384 322952146 652784289 
39254187 165170584 22200640 773386392 324209461 16 285474528 1302282 65490952 116357293 
8630 337562858 32360928 4096 366705504 268435456 384500850 665340144 167221544 19097 
189554148 196547232 141182764 50007053 2474412 86373474 144359424 4194304 3617460 3527 
4887 57263397 311306436 945758440 597680230 20287 276702536 276185048 403636590 17636928 
567504294 190904 501780863 114532164 386339807 77903164 6561728 6426504 1 22970 
720406468 266204664 165617408 256 48022224 322940172 205908144 16097556 408694275 685549602 
10934427 14027 23830 65536 19569669 144612449 1 223806258 19430966 57463828 
1730500 1024 55360404 16 20700 911454456 390850212 5990 676226313 12237 
354542769 16 6642772 314282436 736400434 168087456 512264025 35871264 259355898 156903088 
242322080 414401724 22987 16 9760 12740 774947244 262144 146914244 478349672 
19080 22570 191618058 817 53626859 29450 40286600 25530 178623104 306406464 
19487282 26627 67108864 23497 73972842 145400024 645414024 328689361 26686333 229267357 
80510534 58900380 27612587 32180 5726619 230795532 41626783 274416198 378496956 268435456 
46541325 80666397 202187453 29229421 121078430 177210566 98590734 60557070 10230 268435456 
23296512 170611640 39220022 675166770 9330 10767 18460 124279546 447903837 24278336 
529119864 516899654 21580 29730 28452606 76694796 850737477 350629556 6410 26677 
186520724 615541773 4096 4194304 468667965 2020 2280 312235056 78821964 14480 
13380 101233152 16 60312315 325217760 95886482 367070220 313071816 45668456 131515814 
1239264 595466102 93371303 374257776 156722818 327286010 343286496 250027426 15212904 122213071 
8797 486504 457162274 17910 355566692 605991256 16384 161390448 568209816 588494040 
325114856 13870 459648 256 380996240 31853360 423664887 15405766 38431288 16007 
676491124 109580928 221964600 326217066 216962878 93291036 23817 120393248 343094292 19517 
48175764 63321282 245842016 16384 207933312 7832978 143690547 44630824 10846920 44595577 
151983195 24760 16777216 27742861 16 299037846 24030 278620760 29750 151346686 
75786978 311603712 22697 251249346 4640 4194304 150170528 174837456 725767866 67263792 
153229482 150273021 11961827 16 114869942 1024 34715538 335039463 216284228 19940 
452634066 123811846 298340361 21599808 18040 4 869656517 132563392 1048576 155169014 
40442808 233893842 11367 147336224 12387 18064494 22494304 926435118 392316127 1048576 
32097 860682144 15066159 162266664 379925775 30990 105596528 483050406 
4
